60742835,60742906,60742944,60742994
                ,60743045
                ,60743103
                ,60743142
                ,60743187
                ,60743236
                ,60743276
                ,60743353
                ,60743405
                ,60743464
                ,60743525
                ,60743584
                ,60743651
                ,60743714
                ,60743793
                ,60743847
                ,60743913
                ,60743971
                ,60744033
                ,60744085
                ,60744149
                ,60744226
                ,60744302
                ,60744381
                ,60744466
                ,60744549
                ,60744610
                ,60744694
                ,60744780
                ,60744890
                ,60744993
                ,60745087
                ,60745178
                ,60745271
                ,60745364
                ,60745497
                ,60745603
                ,60745707
                ,60745900
                ,60745996
                ,60746125
                ,60746241
                ,60746358
                ,60746449
                ,60746589
                ,60746754
                ,60746874
                ,60746978
                ,60747113
                ,60747218
                ,60747336
                ,60747432
                ,60747551
                ,60747670
                ,60747766
                ,60747165
                ,60747274
                ,60747393
                ,60747483
                ,60747609
                ,60747719
                ,60747824
                ,60742403
                ,60742408
                ,60742428
                ,60742438
                ,60742470
                ,60742487
                ,60742502
                ,60742516
                ,60742527
                ,60742572
                ,60742589
                ,60742599
                ,60742614
                ,60742626
                ,60742650
                ,60742671
                ,60742687
                ,60742707
                ,60742721
                ,60742744
                ,60742775
                ,60742809
                ,60742867
                ,60742927
                ,60742980
                ,60743017
                ,60743071
                ,60743126
                ,60743168
                ,60743218
                ,60743260
                ,60743310
                ,60743381
                ,60743442
                ,60743489
                ,60743547
                ,60743614
                ,60743689
                ,60743755
                ,60743822
                ,60743874
                ,60743943
                ,60744005
                ,60744052
                ,60744114
                ,60744183
                ,60744258
                ,60744335
                ,60744413
                ,60744505
                ,60744579
                ,60744654
                ,60744737
                ,60744810
                ,60744945
                ,60745035
                ,60745134
                ,60745223
                ,60745322
                ,60745410
                ,60745547
                ,60745651
                ,60745805
                ,60745945
                ,60746047
                ,60746177
                ,60746311
                ,60746401
                ,60746526
                ,60746714
                ,60746820
                ,60746918
                ,60747041
                ,60747161
                ,60747272
                ,60747390
                ,60747481
                ,60747607
                ,60747717
                ,60744094
                ,60744159
                ,60744231
                ,60744308
                ,60744476
                ,60744559
                ,60744616
                ,60744711
                ,60744788
                ,60744903
                ,60745001
                ,60745103
                ,60745194
                ,60745286
                ,60745375
                ,60745521
                ,60745615
                ,60745719
                ,60745912
                ,60746004
                ,60746135
                ,60746269
                ,60746374
                ,60746470
                ,60746647
                ,60746777
                ,60746901
                ,60746996
                ,60747119
                ,60747229
                ,60747344
                ,60747442
                ,60747567
                ,60747684
                ,60747783
                ,60742936
                ,60742985
                ,60743025
                ,60743090
                ,60743138
                ,60743178
                ,60743230
                ,60743271
                ,60743325
                ,60743390
                ,60743449
                ,60743510
                ,60743566
                ,60743627
                ,60743695
                ,60743769
                ,60743829
                ,60743886
                ,60743956
                ,60744015
                ,60744071
                ,60744127
                ,60744207
                ,60744283
                ,60744351
                ,60744435
                ,60744593
                ,60744671
                ,60744760
                ,60744858
                ,60744964
                ,60745054
                ,60745158
                ,60745251
                ,60745345
                ,60745433
                ,60745576
                ,60745676
                ,60745838
                ,60745966
                ,60746060
                ,60746202
                ,60746328
                ,60746430
                ,60746562
                ,60746721
                ,60746836
                ,60746955
                ,60747067
                ,60747185
                ,60747307
                ,60747412
                ,60747503
                ,60747627
                ,60747744

